6.869113952555554459e-01
6.883671813188715349e-01
6.895518401201735648e-01
6.904210628981285458e-01
6.910836522249464986e-01
6.915143217812192988e-01
6.920628706191448432e-01
6.923733512137798529e-01
6.926527156474742153e-01
6.930054606909447079e-01
6.931271280380005839e-01
6.931686211139598264e-01
6.932698066564316752e-01
6.933318519211829623e-01
6.934112757444381714e-01
6.934993171945531554e-01
6.935891857806671945e-01
6.934745321248440009e-01
6.935012362738872671e-01
6.935631651827629529e-01
6.935974961899696867e-01
6.935592829547030380e-01
6.935083406402710038e-01
6.933805844251145212e-01
6.935658397826742760e-01
6.934391751568368401e-01
6.934314779144652441e-01
6.936012541360043748e-01
6.935323413382185054e-01
6.935538015467055395e-01
6.933931686142658091e-01
6.933870908427746116e-01
6.932816990512482569e-01
6.931010852468774130e-01
6.932529490044776477e-01
6.929265159241696503e-01
6.930323363618647869e-01
6.929267610007143752e-01
6.925396675125081725e-01
6.926769861515532645e-01
6.924909632256690539e-01
6.920965618275581877e-01
6.920911048321013448e-01
6.918378323316574097e-01
6.918359287875763819e-01
6.912326283277349104e-01
6.906330553775138492e-01
6.908115446567535400e-01
6.905573584297870493e-01
6.899751944744840770e-01
6.898482140708477317e-01
6.887194301853788447e-01
6.881190487679015311e-01
6.879378722069111607e-01
6.874847957428465994e-01
6.865056927533860209e-01
6.854124164327661806e-01
6.847376721970578339e-01
6.839230247634522364e-01
6.842360204838692228e-01
6.819180449906815378e-01
6.805153948829528732e-01
6.796646038902566245e-01
6.784933073089477462e-01
6.752995753541906065e-01
6.714660056093906260e-01
6.676376737812732554e-01
6.596097965189751111e-01
6.541993843114122242e-01
6.489522298599811334e-01
6.438065963856717255e-01
6.429496705532073975e-01
6.388400314336127872e-01
6.304600815823737658e-01
6.185280021200788569e-01
5.964497115383756709e-01
5.872876403179574378e-01
5.666745308231799783e-01
5.883677494018635379e-01
5.781242903718288861e-01
5.886703850899605017e-01
5.714075368769625518e-01
5.894112870731251785e-01
5.883683519477539425e-01
5.838561229249263906e-01
5.893706579474692342e-01
5.825735585803680783e-01
5.958473496931664393e-01
5.976409614086151123e-01
6.099936288404972373e-01
5.987801786432874751e-01
5.909295773252527528e-01
5.977538930291824704e-01
5.929191070509717276e-01
5.940980134492225284e-01
6.112598748283183392e-01
6.133572732673046035e-01
6.082171742269333325e-01
6.037711973520035746e-01
6.086883749416533984e-01
6.040184046042725852e-01
6.002186126214392736e-01
5.954076915662339653e-01
5.929245668998424090e-01
6.080079256220066730e-01
6.567987057756869973e-01
6.505538309191135626e-01
6.490921649209996369e-01
6.528632805702534458e-01
6.593608902172839459e-01
6.561148249088449846e-01
6.526015060062103634e-01
6.518545669127018272e-01
6.560180350504023483e-01
6.571863544114092681e-01
6.683492807948843151e-01
6.521615558799277457e-01
6.591756573699890653e-01
6.642599373738816704e-01
6.603194397497684776e-01
6.645662559473768383e-01
6.644939742189772680e-01
6.585909843127778496e-01
6.598862802728693300e-01
6.483130504159216878e-01
6.277180694519205462e-01
6.106797431377654073e-01
6.541063725314242294e-01
6.416618839857426426e-01
6.533152600552173395e-01
6.898641348519223282e-01
6.822044237497004726e-01
6.979423377742158818e-01
6.691599440701464507e-01
7.008743311496491435e-01
6.863426369555453155e-01
6.999399830052193128e-01
6.876737475395202637e-01
6.982808017984349913e-01
6.774301738181012222e-01
6.846187460295697358e-01
6.893210626663045515e-01
6.648160285772161116e-01
6.778064821945860574e-01
6.603544170552111403e-01
7.302085481425548696e-01
6.708719296024200363e-01
6.959133357443707535e-01
6.974371120016625847e-01
6.807644643048023081e-01
6.619077990663811972e-01
