7.023895646029330031e-01
7.655353460540162969e-01
8.488657040164825363e-01
8.155380652305928013e-01
7.865656864769915435e-01
7.744984855043127725e-01
7.555044718245242930e-01
7.506402214156820962e-01
7.475533431514780336e-01
7.464974798420642710e-01
7.443549629855663596e-01
7.453412289949173930e-01
7.452208003465164987e-01
7.369953558800068638e-01
7.400184121537716209e-01
7.429835488821597833e-01
7.390327623232881837e-01
7.395774221166651063e-01
7.398477393261929658e-01
7.420399734314452322e-01
7.399102335280560716e-01
7.411421680069983919e-01
7.359739006199734757e-01
7.360611542108210781e-01
7.326134982261252038e-01
7.379381491782817104e-01
7.374956021283535224e-01
7.371627358680076236e-01
7.420354273090971065e-01
7.465011639163848800e-01
7.498125605126644277e-01
7.496730195398025876e-01
7.494548143858604794e-01
7.427970526066232093e-01
7.515016856028678971e-01
7.478586070715113054e-01
7.603008048014437970e-01
7.510046844786786302e-01
7.638185171687856823e-01
7.627208022044059677e-01
7.492013155145847980e-01
7.563033173692986777e-01
7.562837064900296280e-01
7.615766030676821563e-01
7.606784547580048850e-01
7.641018017175349453e-01
7.612415298502496208e-01
7.603883675121246855e-01
7.597194567639776741e-01
7.549315744892080016e-01
7.528372166004586585e-01
7.517450261623301877e-01
7.467098847982731602e-01
7.479422648853444322e-01
7.448228635686509058e-01
7.539168604193849932e-01
7.466263282806315793e-01
7.505015578675777732e-01
7.469667126523688028e-01
7.464282986648539397e-01
7.443695648553523281e-01
7.391847877743396023e-01
7.400835882476035632e-01
7.370489142993663645e-01
7.427164389097944408e-01
7.401754334568977356e-01
7.336780384499975716e-01
7.360254954150382556e-01
7.293616415972404843e-01
7.308073771443772682e-01
7.308532307122616034e-01
7.270180167669945126e-01
7.313836939791416025e-01
7.279698997735977173e-01
7.247509341290656604e-01
7.271517052295359829e-01
7.261080374108984659e-01
7.246411068642393261e-01
7.277487063027442415e-01
7.288141653258749519e-01
7.300622414084191325e-01
7.305802706074207009e-01
7.272793355774371804e-01
7.328911452217304889e-01
7.302772840286823053e-01
7.298654844152167032e-01
7.327841667735830455e-01
7.249721463056321147e-01
7.307856972230241110e-01
7.315992912713517038e-01
7.308733872276671484e-01
7.346824364776306515e-01
7.314627963177701142e-01
7.262850140637540086e-01
7.298319514127488139e-01
7.238442449176565319e-01
7.243431334165816304e-01
7.271263355270345397e-01
7.189428251474461185e-01
7.199328649551310910e-01
7.184401687155378413e-01
7.166376304119190799e-01
7.197037374085568651e-01
7.187482245424960947e-01
7.240990650780657623e-01
7.201766733159410405e-01
7.213237068437515775e-01
7.198149959774727824e-01
7.238014825481049463e-01
7.236444648910076438e-01
7.229293410448317525e-01
7.234830957777956817e-01
7.224683901096912164e-01
7.219512801855167972e-01
7.261928129703441037e-01
7.225020109338963215e-01
7.262974111957752887e-01
7.236384286525401333e-01
7.282561661398156971e-01
7.279002060915561456e-01
7.256939775766210188e-01
7.259121866936378842e-01
7.265921437993962950e-01
7.239221892458327368e-01
7.235230362795769254e-01
7.219546754309471570e-01
7.245339294697376031e-01
7.232396209493596739e-01
7.260514175955284921e-01
7.314817745317804265e-01
7.271002895654515852e-01
7.260229876066776056e-01
7.240144535899162292e-01
7.218291096864862810e-01
7.275007046917651987e-01
7.258871261109697270e-01
7.245500832796096802e-01
7.256025041037417189e-01
7.232861631411187098e-01
7.303257530674021059e-01
7.230536913935173837e-01
7.209173542387942168e-01
7.309586538913401821e-01
7.277279978102826341e-01
7.281202803900901355e-01
7.304067224898236343e-01
7.333172788011267373e-01
7.221783126922364238e-01
7.325137836184907325e-01
7.296046548067255388e-01
7.284271937418491660e-01
7.375183286184959774e-01
7.287505966551760528e-01
7.313465539445268560e-01
7.283723953556506814e-01
7.344898223242861679e-01
7.376897163847659922e-01
7.316889233411626448e-01
7.334625806580198359e-01
7.357183368282115277e-01
7.348762649170895722e-01
7.370699136815173080e-01
7.342825666704075882e-01
7.350658333681999723e-01
7.346441118007011051e-01
7.339859731653903818e-01
7.341994991961945383e-01
7.278359879521613118e-01
7.353348020226397885e-01
7.299318009234488924e-01
7.284169782032358098e-01
7.362344677143908278e-01
7.357506828105195851e-01
7.367778930892335820e-01
7.375968399834125222e-01
7.339233302689612826e-01
7.399587621714206476e-01
7.356077204359338095e-01
7.362919329328739826e-01
7.342159627599919025e-01
7.357850826167046110e-01
7.358994902448451336e-01
7.308071284218037311e-01
7.394319029247506947e-01
7.367632715625965778e-01
7.415550389188401148e-01
7.349812033328604333e-01
7.425122248365524369e-01
7.422050315331905068e-01
7.394256052818704017e-01
7.403733335593913889e-01
7.368813423400230045e-01
7.389577944227989637e-01
7.415662680534605977e-01
7.429157707919465947e-01
7.431863137382141993e-01
7.434363634662425335e-01
7.386811822652816772e-01
7.398658053989105587e-01
7.385996231373320731e-01
7.422747285442149456e-01
7.351490278193291150e-01
7.423227870083869417e-01
7.428737111548160410e-01
7.461336787710798335e-01
7.384041558871877742e-01
7.384775972112695985e-01
7.399859846906459149e-01
7.448812174670239594e-01
7.445639078604414651e-01
7.451555278707058250e-01
7.459708322235878430e-01
7.383498749200333444e-01
7.411025841819479654e-01
7.430172943054361712e-01
7.390783525844837332e-01
7.466316857236496851e-01
7.447030471360429615e-01
7.474843247773799160e-01
7.448632718717798085e-01
7.450635112980579233e-01
7.407951532526219074e-01
7.448151587171757404e-01
7.444996808437590596e-01
7.415795170880378206e-01
7.484291829961411402e-01
7.332200967568032191e-01
7.476496560142394943e-01
7.427110903440637957e-01
7.454259657162300989e-01
7.413134360884098273e-01
7.462261365132129010e-01
7.486499646242629202e-01
7.516805929072359893e-01
7.514005801145066110e-01
7.396116848797240628e-01
7.208231459272668173e-01
7.344790919029966503e-01
7.445793335742139085e-01
7.480479624677212058e-01
7.451108245456472545e-01
7.435923605523211410e-01
7.470558888100563566e-01
7.395404964051348617e-01
7.560715367819400567e-01
7.523910647377054506e-01
7.547744289040565491e-01
7.452349689729670379e-01
7.487070430466469251e-01
7.490765297032416781e-01
7.369264852493366824e-01
7.496021068159569589e-01
7.482936502771174725e-01
7.521067643736271124e-01
7.494495427037807245e-01
7.452830155479147622e-01
7.526280596218211105e-01
7.513918895670708142e-01
7.394487146050372495e-01
7.465940086131400699e-01
7.446728082413368588e-01
7.506227312569923038e-01
7.535350414666723839e-01
7.480466101080813779e-01
7.429411354217123620e-01
7.493519361348862651e-01
7.479151550759660649e-01
7.544519092808378291e-01
7.397700142353138553e-01
7.488226843007067535e-01
7.493572839080019365e-01
7.526678717199791757e-01
7.527700485067164715e-01
7.477847228341913954e-01
7.564665516640277643e-01
7.482066921731258535e-01
7.573010376159180490e-01
7.449757786507301693e-01
7.542033962746883535e-01
7.576895961736110907e-01
7.537765995936190899e-01
7.553468240385360355e-01
7.503282977862560932e-01
7.517415148780700607e-01
7.603700841043857794e-01
7.547595564355241704e-01
7.472563978839428245e-01
7.469961849298882850e-01
7.449651782182936666e-01
7.397245415981780203e-01
7.540049546576560457e-01
7.512628214156373829e-01
7.530806470424571408e-01
7.498923191364775809e-01
7.474090976917997509e-01
7.562516697860778292e-01
7.533063387617151552e-01
7.505735483892420623e-01
7.425828585599331122e-01
7.553694856927749557e-01
7.505947042335855413e-01
7.506852514566259016e-01
7.480972987857270606e-01
7.428859366064376468e-01
7.543781995773315430e-01
7.466697079387116798e-01
7.468965392797550784e-01
7.433457720152875092e-01
7.484942023107346021e-01
7.506404049853061533e-01
7.519083720572451446e-01
7.482549172449619590e-01
7.458854972365054348e-01
7.568574760188447881e-01
7.508529297848964834e-01
7.538195845294506370e-01
7.533185247411119390e-01
7.603866762303291837e-01
7.542339544346992053e-01
7.572994671286420454e-01
7.185962618665492352e-01
7.365902614720324371e-01
7.432407419732276477e-01
7.413494883382574230e-01
7.375524887379180106e-01
7.457458703441822712e-01
7.529170173913874997e-01
7.514877994643881509e-01
7.554289882487439378e-01
7.397241638378894146e-01
7.507047036543805785e-01
7.539160248446972190e-01
7.553057385251876754e-01
7.474003868534210282e-01
7.461220465124921430e-01
7.448043604480459878e-01
7.652881151818214933e-01
7.526002651516426889e-01
7.560334405366410104e-01
7.522539531296872362e-01
7.498222882760331442e-01
7.515532751666739175e-01
7.559719031795542055e-01
7.499016756390003424e-01
7.531345925749616255e-01
7.557025919569299033e-01
7.491370924609772608e-01
7.513630440894593088e-01
7.495349158949040635e-01
7.402909036646497798e-01
7.577624592058201936e-01
7.487526031884741418e-01
7.397753475828373615e-01
7.495224328434213490e-01
7.528950464218220340e-01
7.429506512398414975e-01
7.664131477792212044e-01
7.642405058475251201e-01
7.520415351745930455e-01
7.591479073496575358e-01
7.523473734234241705e-01
7.541231861773957101e-01
7.614796589663688220e-01
7.594609824900931949e-01
7.539143895215176805e-01
7.599517265532879096e-01
7.668803578361551576e-01
7.598060361565427412e-01
7.504069614917674436e-01
7.639566582251102744e-01
7.471844244827615666e-01
7.644143034803106973e-01
7.635684125918023035e-01
7.713754976049382872e-01
7.689567807507007302e-01
7.560571888659862738e-01
7.685121502330962695e-01
7.634105111690278056e-01
7.573311747388636883e-01
7.664818503755204127e-01
7.558080062587210213e-01
7.516647856286231555e-01
7.597569057599027342e-01
7.673506451413986129e-01
7.638902486638819989e-01
7.516775530703524444e-01
7.451383867796431693e-01
7.556345421583094968e-01
7.547475419780040884e-01
7.552079345951688838e-01
7.581017324899105292e-01
7.634312288558229298e-01
7.542968893304784483e-01
7.616293243271239355e-01
7.685862483179315419e-01
7.704575619799025610e-01
7.725000888743298599e-01
7.516959984885885904e-01
7.636102913541996662e-01
7.662856765884034083e-01
7.670420734806263630e-01
7.360789290768035009e-01
7.652821683503211458e-01
7.482199595963701100e-01
7.688362430384818591e-01
7.661903063033489447e-01
7.692763304456751161e-01
7.589962658412913177e-01
7.447413242560751989e-01
7.606708489833994280e-01
7.658771782162341335e-01
7.677302756842147025e-01
7.502934983436096994e-01
7.748467053504700663e-01
