6.993438855130621468e-01
6.978141703504197046e-01
6.965211937402157050e-01
6.956036344487616097e-01
6.948765031200774267e-01
6.943554519972903183e-01
6.937975217687323282e-01
6.934276771672228667e-01
6.930556110245116308e-01
6.926583771375899312e-01
6.925151329091254748e-01
6.923793240430506923e-01
6.922214665311448023e-01
6.920908309043721784e-01
6.919375344159754970e-01
6.918244913537451302e-01
6.916623698904159623e-01
6.916654249455066461e-01
6.915295761316380130e-01
6.914707799541189859e-01
6.913650178528846224e-01
6.914035294284212041e-01
6.913203698523501251e-01
6.913240130277390483e-01
6.911148387700953855e-01
6.910548225996342442e-01
6.909584701061248779e-01
6.906851114744835263e-01
6.906051791094719450e-01
6.905661729422021278e-01
6.905945821645411709e-01
6.904334949052080006e-01
6.904397346871964380e-01
6.904606635266161696e-01
6.902396961095484951e-01
6.902080818693688835e-01
6.900160617016731779e-01
6.899575451587108832e-01
6.900217678952724754e-01
6.898413094434332482e-01
6.899042731903969328e-01
6.897762674600520505e-01
6.897591621951854046e-01
6.896337159770600245e-01
6.893994500662418146e-01
6.898046170777463182e-01
6.899294475925729087e-01
6.894820357890839579e-01
6.892426464151828469e-01
6.893135860879370247e-01
6.889314920978343304e-01
6.897100967929717941e-01
6.892734312630713900e-01
6.886593299977322724e-01
6.888916739758025320e-01
6.888887178390583621e-01
6.894892045158020899e-01
6.886036915982023388e-01
6.880841765632020879e-01
6.861894742605534336e-01
6.872063196719960798e-01
6.859370175194232644e-01
6.839199579776601423e-01
6.818306734587283868e-01
6.809012981805395714e-01
6.778343938132549429e-01
6.751126694552441743e-01
6.715693809884659693e-01
6.677034601886221443e-01
6.608006380339885855e-01
6.570933020495354215e-01
6.565933576289643137e-01
6.563497112786516041e-01
6.520580988615116702e-01
6.394660911978559126e-01
6.260069486625651214e-01
6.089176774976101658e-01
5.905367364274695108e-01
5.957516583990543069e-01
5.906756494907622335e-01
6.040245127329166852e-01
5.981072949126680083e-01
6.288680209124342113e-01
6.187102872323482217e-01
6.168542391759284094e-01
6.228197445260718057e-01
6.333305929252441846e-01
6.376034447804410643e-01
6.359940558037859848e-01
6.269433130609228799e-01
6.215918974039402745e-01
6.076873510758927788e-01
6.248078779020207474e-01
6.109114024550357236e-01
6.179087475893345616e-01
6.210962278728789920e-01
6.231964046650744216e-01
6.242447243408953961e-01
6.346727300514566350e-01
6.270568965280309826e-01
6.316260081973481544e-01
6.289857982638034084e-01
6.211188199355247574e-01
6.115688258346091422e-01
6.428286417367610195e-01
6.783923091406517392e-01
6.667561516799824783e-01
6.668371746831751601e-01
6.646336867137158100e-01
6.655274712024851214e-01
6.700321879792721091e-01
6.632270115487118867e-01
6.680500556496863362e-01
6.717087602678765146e-01
6.812825917880586113e-01
6.811728951461771819e-01
6.764763649156753100e-01
6.865421069112229713e-01
6.941037664705134169e-01
6.799967799414979863e-01
6.733860021575968080e-01
6.627076068457137259e-01
6.599334449844157513e-01
6.648796262576225358e-01
6.961031671851238833e-01
6.914793557309090177e-01
7.309503621877507795e-01
7.164463597409268525e-01
7.529030507232280511e-01
6.857043721891463717e-01
6.704870766781746427e-01
6.790808253782860682e-01
6.749027342872416790e-01
7.161229722043300772e-01
6.727371951366992731e-01
6.782702530952210429e-01
6.657307994492510650e-01
6.871483734947569921e-01
6.595047151154660448e-01
6.820827285025982123e-01
6.776759050627971792e-01
6.773797409965637284e-01
6.694623163722931425e-01
6.797321242220858428e-01
7.169484616594111737e-01
6.358346287557419263e-01
7.038261554342635229e-01
6.787722243907603481e-01
6.662750171220048756e-01
6.747217279799441192e-01
6.818526089191436768e-01
