6.877110411481159868e-01
6.889970578798433332e-01
6.900599744261765034e-01
6.906832878182573854e-01
6.912485055807160439e-01
6.917564142041090491e-01
6.922297812089687197e-01
6.925665707122988790e-01
6.928334744965157777e-01
6.929664393750633034e-01
6.931887937755119022e-01
6.931216004418163656e-01
6.932561673769136457e-01
6.932786165214166463e-01
6.934078611978670148e-01
6.934709752478250833e-01
6.933083577853876855e-01
6.935895274325114546e-01
6.936621389737943622e-01
6.935983838104620158e-01
6.933515624302190039e-01
6.933282977197228192e-01
6.932019387803426413e-01
6.933588269280224203e-01
6.934651921435099897e-01
6.931693553924560547e-01
6.932506706656479389e-01
6.934083903708109231e-01
6.934217112820323381e-01
6.933857900340382185e-01
6.930872550824793699e-01
6.931406797432317912e-01
6.927281836184059349e-01
6.930395277535043030e-01
6.929263647009686888e-01
6.927326030847502647e-01
6.926322303167203875e-01
6.926994309192751054e-01
6.927619067634024352e-01
6.925475190325480757e-01
6.922200627443266807e-01
6.917946643945647178e-01
6.913197680217463281e-01
6.916949254710499373e-01
6.913701223164070431e-01
6.910900938801649573e-01
6.913522787210417686e-01
6.903679966926574707e-01
6.896373818560344038e-01
6.894093199474055078e-01
6.884133786689944356e-01
6.879075692921150509e-01
6.880523780497108666e-01
6.866405431817217409e-01
6.871514116845479636e-01
6.840793752088779600e-01
6.836332373502778115e-01
6.830249152532438250e-01
6.845930872893914998e-01
6.821642896024192604e-01
6.810690295405503747e-01
6.756282652296671243e-01
6.781143109972883609e-01
6.804167206694440306e-01
6.750579171064423623e-01
6.639517414860609534e-01
6.646156732628984987e-01
6.701619319799470009e-01
6.567675384079537659e-01
6.501265502557521669e-01
6.346070315779709370e-01
6.219161080151069942e-01
6.323535936634715471e-01
6.413682830042954919e-01
5.015985674974394737e-01
6.254927370606399029e-01
6.108738329352402241e-01
4.675478927972840371e-01
8.314773571200486657e-01
4.940575463015858815e-01
3.637985303634550527e-01
5.095137292292060138e-01
4.987367442468317313e-01
5.717636143288961081e-01
8.329978846922153624e-01
5.181997418403625488e-01
7.337231984952601316e-01
5.053834922429991661e-01
5.722363140524887593e-01
4.766649327627042187e-01
5.278005192919474897e-01
2.754496477726029458e-01
6.555178826901970623e-01
3.027224853271391347e-01
8.175400146623936770e-01
5.949413667364817915e-01
5.216701568626775920e-01
5.210739446849357304e-01
8.095171189889674990e-01
7.087912268754912315e-01
3.746626351664705812e-01
7.725105852615542501e-01
6.476985804918335976e-01
6.303712129592895508e-01
4.480051085716340586e-01
6.792253386683579919e-01
4.691150937138534038e-01
8.072185545432858378e-01
7.297438862847118735e-01
4.928728240292246654e-01
6.180207307745770873e-01
6.399010768750819089e-01
5.291756834925674946e-01
6.350740935744308979e-01
7.288345680004213456e-01
7.052303741617900190e-01
8.828913903817897646e-01
5.243248968589596659e-01
6.818627409818696083e-01
6.392348205170980124e-01
6.353989548799467979e-01
7.116753357212718401e-01
7.897667812138069454e-01
7.756083593135927323e-01
6.042390058680278120e-01
5.911861665365172325e-01
5.198634550338838700e-01
6.081853021935719195e-01
6.195675628941234026e-01
8.113601600251546531e-01
6.467927447179468992e-01
6.077396229999821875e-01
6.497284348418073119e-01
6.302398297844863384e-01
6.849315021096206157e-01
6.732491065816181841e-01
6.383387780771022646e-01
6.846775165418299558e-01
6.596906970186930952e-01
6.662742786291169228e-01
6.557890511140590517e-01
6.728816017871950272e-01
6.841788175629406332e-01
6.763458092038224789e-01
6.569356351363949686e-01
7.318549228877555546e-01
6.577306273506908774e-01
7.490536556011293534e-01
6.703219980728335470e-01
7.435435056686401367e-01
6.307225954241868493e-01
