6.971816827611225786e-01
9.884435549014951583e-01
9.873741487177406517e-01
1.126659134539162332e+00
8.023277710123759565e-01
6.801270202892583105e-01
8.485426088658775123e-01
6.385953906105785727e-01
5.046282621418557435e-01
8.155160095633530171e-01
7.173277575795243832e-01
7.994231610763363749e-01
6.455749927497491658e-01
5.605863085607203367e-01
7.279890572152486472e-01
8.476064873904716190e-01
5.848174909266029564e-01
5.935053105761365355e-01
9.028531094876731666e-01
6.300805123840890198e-01
6.759678241683215738e-01
1.110172542130074769e+00
5.573928617849582823e-01
4.935599332902489422e-01
1.002372587599405396e+00
6.701910742899266360e-01
8.801545529830746561e-01
6.170646112139631656e-01
6.869099445459319053e-01
6.163840686402669578e-01
6.981057699133710326e-01
8.731620660642298581e-01
6.042455093162816260e-01
6.239633909085902097e-01
6.860463255789222004e-01
4.314879411604346515e-01
7.431916987023702292e-01
5.333428898962532250e-01
7.402936103867321371e-01
5.638943568962376807e-01
3.859452765162398324e-01
8.006212565957046001e-01
4.207813805196343182e-01
5.322516313413294675e-01
6.476315245395753983e-01
8.346414682341785074e-01
8.785999766210230710e-01
3.277364158775748493e-01
6.986051826942257792e-01
6.876715305374889731e-01
6.899903227643269243e-01
6.182424287970472720e-01
6.828606608437328696e-01
6.202883058931769611e-01
4.877018267061652423e-01
5.486295484915012510e-01
3.937347843879606679e-01
7.770710471199779867e-01
8.759490353305164900e-01
1.291590141087043619e+00
9.021551507275279436e-01
9.325012680960864664e-01
1.175592498081486470e+00
7.060321700282212731e-01
5.512118063321927997e-01
7.175854895173049419e-01
4.317280097705561981e-01
1.079374056036879415e+00
5.097478860762061359e-01
5.736370333811131594e-01
8.103730067974184159e-01
5.256538485608449607e-01
8.612355444489455669e-01
7.637753617472764489e-01
6.974867625934321191e-01
4.162335893729837699e-01
7.640520726762166648e-01
4.845408884490408630e-01
7.172396793598081466e-01
5.632263356592597248e-01
8.189291227154615882e-01
9.688876082257527056e-01
7.309998680905598345e-01
7.569006434301051023e-01
7.154958815109438985e-01
6.439065438945118514e-01
4.737609544905220793e-01
7.376908340105196027e-01
7.929474696880434159e-01
7.826935997823389890e-01
6.372643636494148556e-01
9.227102108118010459e-01
4.491263257294166311e-01
5.125596465134039104e-01
8.664004250270563867e-01
8.274123625057500098e-01
5.201308342014870911e-01
9.162760071638154091e-01
7.155049254254597368e-01
4.942254540396899820e-01
5.934460533828269657e-01
6.139727481981602786e-01
4.776376689352640481e-01
5.306159817590946348e-01
7.121356551240130006e-01
8.294997215270996094e-01
4.741849121524066568e-01
5.388341335261740417e-01
9.880763016095975848e-01
7.266086354488279220e-01
6.515221072406303104e-01
7.157512176327589515e-01
7.792248624127086076e-01
8.490445453946183774e-01
5.812418693449439289e-01
9.798548788559146017e-01
5.684216073373469236e-01
6.228700265651796464e-01
4.037552039797713266e-01
6.395183103840526018e-01
8.693643808364868164e-01
8.014961292104023638e-01
7.635566068858634647e-01
6.763842745525080469e-01
7.260823380656358239e-01
5.793868201534922990e-01
5.910174163376412659e-01
4.819491222137358144e-01
4.351465113279295860e-01
9.997733104519728187e-01
7.822103311375874224e-01
7.473334408387904970e-01
6.750944169556222230e-01
5.589226593331593218e-01
5.058749303585146073e-01
6.426183755804852904e-01
8.058141804322963564e-01
5.144833413566031188e-01
4.496575833820715129e-01
6.458590292349094542e-01
3.353334974224974618e-01
6.861184108548048499e-01
6.218798233241569218e-01
6.661539644729800314e-01
8.037095171649281111e-01
6.248973331800321551e-01
7.249864005460971983e-01
4.589183723054280906e-01
3.791671031858863117e-01
6.757900932940040795e-01
5.435511578873890581e-01
4.988766770537306772e-01
6.809283131506385089e-01
7.719536612673503218e-01
4.911603411523307039e-01
5.969927805226024065e-01
4.278497804955738171e-01
5.492186953381794634e-01
6.478358856061610105e-01
7.925192379369968565e-01
6.603453682690132442e-01
7.396663863484452817e-01
4.848418508361025392e-01
6.074973432029165954e-01
6.623643564014900509e-01
6.976584544995936277e-01
5.595953202829128115e-01
4.710879558470191242e-01
8.531823972376381127e-01
5.137368506047783612e-01
6.761813091068733517e-01
8.098105075882702231e-01
6.100435707627273052e-01
6.413704869223804117e-01
5.433656798630226437e-01
5.219048668698567095e-01
7.379826641664272158e-01
5.187758716141305237e-01
7.204505772125430196e-01
5.691763453367280068e-01
5.243705358447098286e-01
7.555122927921574805e-01
5.559832395576849162e-01
7.924738497268862814e-01
7.320936060533290712e-01
6.881296867277564289e-01
6.696442743627036842e-01
6.762148650681100159e-01
5.006223139239520670e-01
6.626287088161562089e-01
7.323723580779099018e-01
8.177909792923345744e-01
4.831914592806885733e-01
5.808319522113334354e-01
6.121055382054026994e-01
4.734042657584678904e-01
6.329051605085047605e-01
6.979482450136323957e-01
6.959320219551644593e-01
3.943741059884792177e-01
5.771919794198943077e-01
5.238699847605170490e-01
6.537836819160275370e-01
7.230690368791905520e-01
7.151435947999721376e-01
9.874327081005748186e-01
6.357614412540342208e-01
5.899424763714394837e-01
6.326422836722397358e-01
6.907777888018910017e-01
5.928674296634953711e-01
6.654007071402014972e-01
4.881782088337874859e-01
6.035059973960970048e-01
6.754762777468052981e-01
5.651986155568099468e-01
5.031816675895597335e-01
5.864968874105592755e-01
6.417052222461234745e-01
7.219211255631795554e-01
7.802596848185469058e-01
1.057822692685010946e+00
6.309745849632635295e-01
6.395239641026753130e-01
6.642054421145741072e-01
7.149897363127731831e-01
5.324142066443838806e-01
8.087858892068630068e-01
6.182307731814500329e-01
7.773888460019739988e-01
4.336935674271932273e-01
6.271425020403977868e-01
9.230019755479765831e-01
7.140201373798090723e-01
5.969759189501041563e-01
3.232081198110813292e-01
5.597947356177539469e-01
4.981759045182204693e-01
6.972282630641285506e-01
6.570368481845390018e-01
6.590571534342881677e-01
6.620050218047165425e-01
8.296875183175249635e-01
7.405342227075157879e-01
8.331089150614854333e-01
1.015968000016561401e+00
6.529186731431542157e-01
8.841591390167794495e-01
6.418911916453663435e-01
6.442289279728401485e-01
3.638933822512626648e-01
8.278653868814793704e-01
6.909860721448572995e-01
8.801163740274382530e-01
7.154599995147891134e-01
6.782687568083042295e-01
4.224089413154415995e-01
7.007033824920654297e-01
5.162386269104189962e-01
8.220705898796639710e-01
7.181715296535957638e-01
7.077610609008044840e-01
7.918403090500250041e-01
5.223646730911440939e-01
5.634103199330772194e-01
8.214523675965099692e-01
7.372036823412266848e-01
7.557141824466425684e-01
4.386266251889670564e-01
5.758342255906361284e-01
7.091657795557161359e-01
4.049642071491334483e-01
8.051029894410109966e-01
9.357942618974824933e-01
7.072746615584303287e-01
5.614301933021079716e-01
4.104664616468476357e-01
6.610405285183976742e-01
7.418986253622101845e-01
4.978382151301314340e-01
5.727525535153179526e-01
1.155382878896666687e+00
7.250528248344979554e-01
9.307771165196488949e-01
9.939004473569916787e-01
6.812169290170436708e-01
5.738853819486571251e-01
4.600933332268784537e-01
8.960138457577403459e-01
8.105869496740946145e-01
7.811569716872238667e-01
5.251764284401405636e-01
6.585883745333043215e-01
5.477985419878145246e-01
6.958889757714620261e-01
7.406132192146487325e-01
7.570167605469866334e-01
9.612240398802408547e-01
6.828528380975490419e-01
6.373299156747213035e-01
6.380159389681931970e-01
6.221583616442796227e-01
5.737626370860309244e-01
6.744789103182350365e-01
8.837540164226438399e-01
5.858840782467912289e-01
6.325179847275338441e-01
8.029482059362458291e-01
6.732778127600507201e-01
6.111003720178836973e-01
7.007259159553341776e-01
5.881259157890226241e-01
7.288418615736612649e-01
5.049929269930211184e-01
8.297549835065516355e-01
7.597361483225008039e-01
7.943450197940919999e-01
6.647978410488222245e-01
5.041073059163442283e-01
1.085087739839786458e+00
6.834253756011404723e-01
5.803553069510111184e-01
7.112509899023102822e-01
6.502613919537242326e-01
6.574793908654189556e-01
5.780849645777446089e-01
6.696290475566212264e-01
5.517831110372776182e-01
6.781842330606971947e-01
6.548301446728590491e-01
7.370306558725310264e-01
5.724785858538092853e-01
5.273682126184788821e-01
5.951220029737891437e-01
7.296879669515098366e-01
5.563698643591346027e-01
5.842751613477381589e-01
5.975738981874977318e-01
8.879241928821657304e-01
5.514207787630034385e-01
7.352129918772999373e-01
7.261319015084243267e-01
9.236297854563084719e-01
4.710707221089339702e-01
8.664825616813287557e-01
4.886824808469632520e-01
6.796714067459106445e-01
7.544334341840046587e-01
6.912917669226483763e-01
6.595622766308668616e-01
6.366421885606718956e-01
6.857251394085768226e-01
6.621812858232637433e-01
9.218376351565849003e-01
8.136023515608252765e-01
7.357715629949802549e-01
5.798644932304940491e-01
6.034864296273487749e-01
8.895541909264355063e-01
8.094384553955822348e-01
8.058094760266746315e-01
5.434146523475646973e-01
7.339911417263310645e-01
5.623683231632884416e-01
5.141363427406404618e-01
7.207398370998662207e-01
4.970813938757268624e-01
8.569311266992150067e-01
5.595363269491893110e-01
6.603535166600855710e-01
6.015026453064709067e-01
6.348251918467079369e-01
6.629846532170365903e-01
8.552308097118284103e-01
7.691635315011187135e-01
6.785568115187854410e-01
4.126279285041297151e-01
7.017897367477416992e-01
6.307455664727745770e-01
6.842059565753471073e-01
5.748343751197908524e-01
5.106384070908150941e-01
5.594179833807596536e-01
7.201353427840442301e-01
6.952921501020106199e-01
6.053142198702183840e-01
5.571687395979718627e-01
5.438723360619893699e-01
6.233281645832992046e-01
8.044861860391570030e-01
6.244483415673418580e-01
5.592365962703053084e-01
5.578239988989945886e-01
6.940780267482851151e-01
5.695031779568370256e-01
6.831477778713878068e-01
8.641403593668123273e-01
7.045422181850526933e-01
5.092218060319017026e-01
6.529786223318518879e-01
6.776232123374938965e-01
6.390954263326598106e-01
7.852910088329780880e-01
8.762802903245134889e-01
5.897638601500813094e-01
7.634747377256068113e-01
7.385624181933518884e-01
7.126775064119478253e-01
8.356887203891102400e-01
6.196266238282366334e-01
6.631600842243288163e-01
4.767541311136105908e-01
5.722986212590845945e-01
5.758273950437220456e-01
