6.984867875168963014e-01
6.971795369939106646e-01
6.959926573241629333e-01
6.952795168248618873e-01
6.946713648191312762e-01
6.941310588906450807e-01
6.936526167683485511e-01
6.932952418559934493e-01
6.928444359360671490e-01
6.926634006383942666e-01
6.925162062412355546e-01
6.923754898513235778e-01
6.922454514154573468e-01
6.921770761652690229e-01
6.919760674965090841e-01
6.918854466298731687e-01
6.918442045770040183e-01
6.916331663364316817e-01
6.915573986565194398e-01
6.915470245407848715e-01
6.915650135133324383e-01
6.915319154902201948e-01
6.916556518252302554e-01
6.914697071401084694e-01
6.912784372887960105e-01
6.913314272717732134e-01
6.910968117597626748e-01
6.909223678635387778e-01
6.906932752306867984e-01
6.910834574117893370e-01
6.908029710374227195e-01
6.908790643622235716e-01
6.909177332389645487e-01
6.908406048286251933e-01
6.909084131078022661e-01
6.907026854957022399e-01
6.905822841132559509e-01
6.904309668192049054e-01
6.899891321252031862e-01
6.899914421686311750e-01
6.900917059037743329e-01
6.900964539225508121e-01
6.899844553412460835e-01
6.897504736737507525e-01
6.903628910460123391e-01
6.901320786010928243e-01
6.899417914995332746e-01
6.899165278527794598e-01
6.900376532135940044e-01
6.898046034138377580e-01
6.902473903283840029e-01
6.908412168665629682e-01
6.898235039013188574e-01
6.900354551105964962e-01
6.899382893632097780e-01
6.911620526778988749e-01
6.904839669785848288e-01
6.901442030581032006e-01
6.874087598265671284e-01
6.872516623357447507e-01
6.897136728938032535e-01
6.894351651028889361e-01
6.831109596461784061e-01
6.786353544491093848e-01
6.797051138994170127e-01
6.818759237847676902e-01
6.761360851729788513e-01
6.584005152306905417e-01
6.563416850276109216e-01
6.536767497295286056e-01
6.561337534974260866e-01
6.583581523197453711e-01
6.528861333684223833e-01
6.351208846743513492e-01
7.469664855701166895e-01
5.627386402793046472e-01
5.190943908400651452e-01
6.421318610266941729e-01
3.888164464293456524e-01
6.375027124474688112e-01
8.284886479377746582e-01
6.305750099624075622e-01
6.835247627118739011e-01
6.254839068505821942e-01
4.529698302106159313e-01
6.672713414924901221e-01
5.205657743826145323e-01
7.168971678105796608e-01
6.317040098876487431e-01
7.825481019368986102e-01
6.347320181567494002e-01
1.125194271890128439e+00
5.146723200635212603e-01
1.040857629078190572e+00
4.392617243092234447e-01
6.190784384564655962e-01
7.748036937015813086e-01
7.296672390728462521e-01
4.520425178655764209e-01
5.249011204010103349e-01
9.002131150989998165e-01
4.787552107761545717e-01
4.744364146779223024e-01
6.447017687122996721e-01
8.156944455170049846e-01
6.702355044644053850e-01
9.183822870254516602e-01
5.265470903094221500e-01
5.902494962622479857e-01
8.582045566744920251e-01
7.397749918263133440e-01
6.734438669390794274e-01
7.857087298137385156e-01
7.596331471350135089e-01
6.417346931085353701e-01
7.177302735607798967e-01
5.396877381859755962e-01
7.586663874184212952e-01
5.714800052526520791e-01
6.751101467667556255e-01
6.983394564651861369e-01
6.137236400348383691e-01
5.438073749949292601e-01
5.132457846548499347e-01
8.790850842871317239e-01
6.320047516648362729e-01
6.730778406306010542e-01
5.241790297554760336e-01
6.356087239777169495e-01
5.398260202349686177e-01
7.332344040638063554e-01
7.908155467452072651e-01
7.512575562407330931e-01
7.320165314325471906e-01
7.202479126976757406e-01
7.091557616140784504e-01
7.342281036260651650e-01
6.907433227794926855e-01
7.385321913695916951e-01
7.123590693241212968e-01
7.245494621555980119e-01
7.198552154913181456e-01
7.437918244338617146e-01
7.480279774200625509e-01
7.141606604180684714e-01
6.235326484936040137e-01
7.077623605728149414e-01
6.117198598094102380e-01
7.033284771733168128e-01
6.058267980087094218e-01
7.078186985923022867e-01
